@subtask sample
manual example1.in
manual example2.in

@subtask completeOnly
manual example1.in
gen       5    1000 50 50  0 0 1
gen       5    1000 50 50  0 0 2
gen       5    1000 50 50  0 0 3

gen       5    1000 50 50  0 1 1
gen       5    1000 50 50  0 1 2
gen       5    1000 50 50  0 1 3

gen       5    1000 70 30  0 0 1
gen       5    1000 70 30  0 0 2
gen       5    1000 70 30  0 0 3

gen    1000   10000 50 50  0 0 1
gen    1000   10000 50 50  0 0 2
gen    1000   10000 50 50  0 0 3

gen    1000   10000 50 50  0 1 1
gen    1000   10000 50 50  0 1 2
gen    1000   10000 50 50  0 1 3

gen    1000   10000 70 30  0 0 1
gen    1000   10000 70 30  0 0 2
gen    1000   10000 70 30  0 0 3

gen   10000  100000 50 50  0 0 1
gen   10000  100000 50 50  0 0 2
gen   10000  100000 50 50  0 0 3

gen   10000  100000 50 50  0 1 1
gen   10000  100000 50 50  0 1 2
gen   10000  100000 50 50  0 1 3

gen   10000  100000 70 30  0 0 1
gen   10000  100000 70 30  0 0 2
gen   10000  100000 70 30  0 0 3

gen  100000 1000000 50 50  0 0 1
gen  100000 1000000 50 50  0 0 2
gen  100000 1000000 50 50  0 0 3

gen  100000 1000000 50 50  0 1 1
gen  100000 1000000 50 50  0 1 2
gen  100000 1000000 50 50  0 1 3

gen  100000 1000000 70 30  0 0 1
gen  100000 1000000 70 30  0 0 2
gen  100000 1000000 70 30  0 0 3

@subtask completeAndFewDrop
manual example1.in
manual example2.in
gen       5    1000 50 40 10 0 1
gen       5    1000 50 40 10 0 2
gen       5    1000 50 40 10 0 3

gen       5    1000 50 40 10 1 1
gen       5    1000 50 40 10 1 2
gen       5    1000 50 40 10 1 3

gen       5    1000 70 20 10 0 1
gen       5    1000 70 20 10 0 2
gen       5    1000 70 20 10 0 3

gen    1000   10000 50 40 10 0 1
gen    1000   10000 50 40 10 0 2
gen    1000   10000 50 40 10 0 3

gen    1000   10000 50 40 10 1 1
gen    1000   10000 50 40 10 1 2
gen    1000   10000 50 40 10 1 3

gen    1000   10000 70 20 10 0 1
gen    1000   10000 70 20 10 0 2
gen    1000   10000 70 20 10 0 3

gen   10000  100000 50 40 10 0 1
gen   10000  100000 50 40 10 0 2
gen   10000  100000 50 40 10 0 3

gen   10000  100000 50 40 10 1 1
gen   10000  100000 50 40 10 1 2
gen   10000  100000 50 40 10 1 3

gen   10000  100000 70 20 10 0 1
gen   10000  100000 70 20 10 0 2
gen   10000  100000 70 20 10 0 3

@subtask full
@include completeOnly
@include completeAndFewDrop
gen       5    1000 -1 -1 -1 0 1
gen       5    1000 -1 -1 -1 0 2
gen       5    1000 -1 -1 -1 0 3
gen       5    1000 -1 -1 -1 0 4
gen       5    1000 -1 -1 -1 0 5

gen       5    1000 60 40  0 0 1
gen       5    1000 60 30 10 0 2
gen       5    1000 60 20 20 0 3
gen       5    1000 60 10 30 0 4
gen       5    1000 60  0 40 0 5

gen       5    1000 -1 -1 -1 1 1
gen       5    1000 -1 -1 -1 1 2
gen       5    1000 -1 -1 -1 1 3
gen       5    1000 -1 -1 -1 1 4
gen       5    1000 -1 -1 -1 1 5

gen    1000   10000 -1 -1 -1 0 1
gen    1000   10000 -1 -1 -1 0 2
gen    1000   10000 -1 -1 -1 0 3
gen    1000   10000 -1 -1 -1 0 4
gen    1000   10000 -1 -1 -1 0 5

gen    1000   10000 60 40  0 0 1
gen    1000   10000 60 30 10 0 2
gen    1000   10000 60 20 20 0 3
gen    1000   10000 60 10 30 0 4
gen    1000   10000 60  0 40 0 5

gen    1000   10000 -1 -1 -1 1 1
gen    1000   10000 -1 -1 -1 1 2
gen    1000   10000 -1 -1 -1 1 3
gen    1000   10000 -1 -1 -1 1 4
gen    1000   10000 -1 -1 -1 1 5

gen   10000  100000 -1 -1 -1 0 1
gen   10000  100000 -1 -1 -1 0 2
gen   10000  100000 -1 -1 -1 0 3
gen   10000  100000 -1 -1 -1 0 4
gen   10000  100000 -1 -1 -1 0 5

gen   10000  100000 60 40  0 0 1
gen   10000  100000 60 30 10 0 2
gen   10000  100000 60 20 20 0 3
gen   10000  100000 60 10 30 0 4
gen   10000  100000 60  0 40 0 5

gen   10000  100000 -1 -1 -1 1 1
gen   10000  100000 -1 -1 -1 1 2
gen   10000  100000 -1 -1 -1 1 3
gen   10000  100000 -1 -1 -1 1 4
gen   10000  100000 -1 -1 -1 1 5

gen  100000 1000000 -1 -1 -1 0 1
gen  100000 1000000 -1 -1 -1 0 2
gen  100000 1000000 -1 -1 -1 0 3
gen  100000 1000000 -1 -1 -1 0 4
gen  100000 1000000 -1 -1 -1 0 5

gen  100000 1000000 60 40  0 0 1
gen  100000 1000000 60 30 10 0 2
gen  100000 1000000 60 20 20 0 3
gen  100000 1000000 60 10 30 0 4
gen  100000 1000000 60  0 40 0 5

gen  100000 1000000 -1 -1 -1 1 1
gen  100000 1000000 -1 -1 -1 1 2
gen  100000 1000000 -1 -1 -1 1 3
gen  100000 1000000 -1 -1 -1 1 4
gen  100000 1000000 -1 -1 -1 1 5

gen 1000000 1000000 -1 -1 -1 0 1
gen 1000000 1000000 -1 -1 -1 0 2
gen 1000000 1000000 -1 -1 -1 0 3
gen 1000000 1000000 -1 -1 -1 0 4
gen 1000000 1000000 -1 -1 -1 0 5

gen 1000000 1000000 60 40  0 0 1
gen 1000000 1000000 60 30 10 0 2
gen 1000000 1000000 60 20 20 0 3
gen 1000000 1000000 60 10 30 0 4
gen 1000000 1000000 60  0 40 0 5

gen 1000000 1000000 -1 -1 -1 1 1
gen 1000000 1000000 -1 -1 -1 1 2
gen 1000000 1000000 -1 -1 -1 1 3
gen 1000000 1000000 -1 -1 -1 1 4
gen 1000000 1000000 -1 -1 -1 1 5
